1 16.6351
2 13.9116
3 56.1857
4 -120.032
5 16.6351
6 16.6351
7 -147.493
8 -179.938
9 -94.8548
10 -305.685
11 -114.512
12 43.3178
13 56.2801
14 -59.3257
15 -64.6843
16 42.5204
17 -33.4071
18 -3.97839
19 -85.0832
20 -120.032
21 -7.00223
22 43.3178
23 -85.6262
24 26.3005
25 20.9138
26 -7.00223
27 -161.547
28 -178.814
29 56.2801
30 -158.960
31 -64.6843
32 -123.079
33 -110.920
34 -13.0452
35 -26.7314
36 -94.8328
37 -110.920
38 -264.169
39 -53.8733
40 -32.3150
41 -3.97839
42 6.45289
43 29.1442
44 42.5204
45 -33.4071
46 39.0211
47 43.3178
48 21.9030
49 -151.472
50 24.5023
51 -29.1621
52 -6.29818
53 -178.814
54 43.3178
55 -123.079
56 -158.960
57 -50.3187
58 -13.0452
59 98.0102
60 -114.512
61 -3.97839
62 -94.8328
63 -110.920
64 -264.169
65 39.0211
66 -53.8733
67 -143.513
68 -110.920
69 53.6465
70 -26.7314
71 -50.3187
72 6.45289
73 -29.0907
74 68.1667
75 -143.513
76 -185.645
77 -144.137
78 -7.00223
79 8.57301
80 -6.29818
81 -125.280
82 -157.943
83 -125.280
84 -45.5769
85 33.4374
86 -29.1621
87 -125.280
88 93.9763
89 56.1857
90 -29.0907
91 -185.645
92 98.0102
93 39.0046
94 -51.0743
95 -157.943
96 0.945718
97 -181.762
98 21.9030
99 0.945718
100 136.126
101 33.4374
102 -32.3150
103 -45.5769
104 -29.1621
105 74.2055
106 93.9763
107 357.560
108 87.7353
109 228.274
110 189.825
111 155.411
112 193.014
113 87.7353
114 -32.3150
115 -71.6628
116 116.119
117 -32.3150
118 -181.762
119 -27.3088
120 253.455
121 8.57301
122 74.2055
123 81.9255
124 8.57301
125 61.6256
126 2.00477
127 40.4927
128 357.560
129 189.825
130 228.274
131 -45.4324
132 87.7353
133 0.945718
134 309.132
135 -71.6628
136 90.9601
137 -45.4324
138 0.945718
139 2.00477
140 136.126
141 253.455
142 155.411
143 8.57301
144 90.9601
145 81.9255
146 34.3168
147 87.7353
148 74.2055
149 235.671
150 40.4927
151 4.00954
152 235.671
153 605.278
154 16.6351
155 33.2701
156 33.2701
157 -287.026
158 -207.315
159 -463.984
160 -191.096
161 -5.02303
162 -15.9837
163 -73.9190
164 -210.579
165 86.6356
166 38.3265
167 -337.773
168 -300.520
169 -89.1736
170 -166.601
171 -35.5401
172 -58.2314
173 -164.966
174 9.78792
175 -221.840
176 -45.6015
177 6.46593
178 -188.223
179 -61.8666
180 -52.9648
181 -66.8141
182 -229.024
183 -81.7034
184 -197.387
185 35.7666
186 -296.976
187 70.5396
188 -221.840
189 -528.338
190 63.5767
191 -53.4629
192 -246.158
193 -317.920
194 12.9058
195 -166.825
196 -202.823
197 78.0421
198 85.0408
199 -7.95678
200 -3.54757
201 -217.594
202 -369.048
203 112.560
204 86.6356
205 -240.063
206 -100.637
207 30.7922
208 144.546
209 -255.201
210 -203.519
211 -180.736
212 -120.819
213 -187.381
214 130.391
215 38.1660
216 85.7711
217 -177.878
218 -367.406
219 43.8060
220 -64.6300
221 -24.2409
222 196.020
223 33.7847
224 70.5614
225 29.4035
226 -28.7435
227 -58.5288
228 -371.290
229 -64.6300
230 -103.557
231 84.6620
232 -250.560
233 -213.457
234 -58.3242
235 89.9424
236 191.987
237 -91.1537
238 163.851
239 -92.8695
240 -43.4276
241 4.00954
242 17.1460
243 109.597
244 -43.9332
245 23.6323
246 80.9853
247 140.963
248 400.407
249 342.033
250 332.999
251 271.202
252 1.89144
253 181.920
254 379.650
255 -143.326
256 17.1460
257 315.081
258 443.280
259 255.460
260 416.055
261 268.767
262 175.471
263 1.89144
264 578.993
265 493.686
266 272.252
267 229.616
268 236.616
269 148.411
270 175.471
271 162.728
272 -75.8238
273 46.1759
274 -17.3950
275 237.056
276 -430.894
277 33.6289
278 -11.6039
279 152.456
280 108.282
281 -136.975
282 145.114
283 89.8526
284 -135.797
285 -48.4060
286 173.271
287 -553.585
288 -420.028
289 -46.1628
290 -334.593
291 -346.276
292 -332.777
293 -224.358
294 -441.162
295 -171.679
296 -9.68450
297 35.1235
298 -35.3829
299 -430.962
300 -315.793
301 -97.9700
302 125.190
303 -39.4957
304 -94.5859
305 119.693
306 -89.3880
307 -16.8331
308 -25.7679
309 -76.7123
310 130.010
311 -100.945
312 -25.1502
313 -8.32555
314 -297.744
315 -52.3028
316 -529.119
317 -114.780
318 -270.675
319 -192.116
320 -190.638
321 -213.813
322 -189.433
323 24.0313
324 -364.351
325 -460.102
326 -611.973
327 -9.75702
328 -374.697
329 -290.562
330 112.271
331 -116.883
332 14.8282
333 7.46990
334 32.0134
335 -256.782
336 -313.879
337 -301.004
338 -225.209
339 -274.179
340 -94.0532
341 12.2341
342 -238.833
343 -595.160
344 -413.304
345 -319.905
346 -707.238
347 -478.423
348 -52.7869
349 -223.300
350 242.788
351 188.086
352 175.969
353 253.371
354 140.239
355 237.523
356 346.723
357 124.573
358 232.781
359 -18.7292
360 -123.506
361 -39.1659
362 -141.749
363 -322.455
364 -489.223
365 -134.907
366 -99.6068
367 -64.8019
368 272.120
369 -36.3667
370 -123.620
371 -17.1983
372 -194.331
373 82.8634
374 -87.8908
375 -167.627
376 -17.2282
377 -436.041
378 -626.563
379 -325.829
380 -416.838
381 -316.720
382 -465.388
383 82.7774
384 -290.658
385 50.5786
386 -94.6788
387 -214.029
388 -224.455
389 -44.9693
390 120.135
391 -66.9098
392 33.0679
393 -277.150
394 -219.048
395 -448.902
396 -114.641
397 -80.8895
398 -181.831
399 23.6555
400 0.335532
401 8.01909
402 110.026
403 19.0375
404 32.4006
405 791.114
406 71.6085
407 -303.285
408 621.518
409 830.151
410 767.607
411 335.590
412 187.674
413 3.78287
414 348.092
415 358.923
416 337.425
417 -144.507
418 410.836
419 249.865
420 630.992
421 561.033
422 443.897
423 255.861
424 583.358
425 256.492
426 463.954
427 410.558
428 393.844
429 535.771
430 296.524
431 350.941
432 85.8556
433 -627.423
434 -590.468
435 -570.519
436 -68.0621
437 -52.2512
438 50.2408
439 -622.404
440 -657.726
441 -755.283
442 -458.923
443 -669.151
444 -631.270
445 -608.446
446 -285.617
447 2.52052
448 186.608
449 490.194
450 228.439
451 277.330
452 105.493
453 -48.9111
454 -50.9409
455 -219.547
456 1.88984
457 -133.102
458 -299.685
459 -220.752
460 -420.273
461 -317.514
462 -153.957
463 -357.756
464 -80.1495
465 -501.685
466 -326.112
467 90.8286
468 318.928
469 -143.863
470 125.854
471 77.0950
472 220.130
473 -242.570
474 -317.167
475 -199.935
476 -353.525
477 -241.059
478 -268.690
479 -469.209
480 -550.080
481 -297.559
482 -720.837
483 -381.798
484 -270.661
485 -602.792
486 -495.122
487 -845.682
488 99.1014
489 -202.964
490 174.755
491 114.657
492 40.5800
493 -36.4171
494 2.98469
495 -208.144
496 -368.574
497 -235.066
498 -61.1598
499 -430.229
500 47.3437
501 182.310
502 196.097
503 31.9311
504 -6.36855
505 404.082
506 85.1482
507 -219.716
508 -225.446
509 -169.485
510 277.468
511 -171.847
512 -312.365
513 -380.312
514 -308.355
515 -429.927
516 -491.339
517 -392.058
518 -295.308
519 -280.770
520 -438.772
521 -178.526
522 -234.477
523 -349.241
524 -128.833
525 -354.218
526 -416.627
527 -167.607
528 -377.347
529 -369.082
530 -365.211
531 -549.358
532 -142.077
533 -420.905
534 158.519
535 427.345
536 216.879
537 28.3299
538 -425.515
539 163.279
540 98.8629
541 164.396
542 35.6465
543 275.040
544 372.900
545 137.264
546 -98.9790
547 39.5802
548 55.1385
549 -0.143413
550 121.262
551 -380.256
552 -49.5532
553 -687.003
554 -215.132
555 -234.091
556 -42.5297
557 83.2233
558 25.9015
559 -317.462
560 -107.280
561 -156.575
562 8.04697
563 -65.5345
564 -267.157
565 -130.100
566 -186.630
567 -274.243
568 -239.625
569 -211.232
570 -670.427
571 -201.944
572 -115.268
573 -153.454
574 -121.983
575 9.67311
576 -463.263
577 -500.063
578 -635.232
579 -377.680
580 -809.298
581 -607.737
582 -627.278
583 -555.733
584 378.582
585 478.773
586 74.4835
587 98.9219
588 243.329
589 296.263
590 308.397
591 582.342
592 15.1930
593 -127.448
594 84.8462
595 -39.9991
596 485.291
597 408.477
598 289.685
599 493.693
600 173.949
601 232.845
602 404.569
603 373.422
604 67.0415
605 688.835
606 713.574
607 448.963
608 547.693
609 578.971
610 274.840
611 460.812
612 371.075
613 291.162
614 246.576
615 381.870
616 157.552
617 306.806
618 -727.718
619 -656.421
620 -456.697
621 -668.106
622 -475.637
623 -896.194
624 -673.628
625 -436.242
626 -457.409
627 -710.642
628 -467.524
629 -582.923
630 182.785
631 360.559
632 297.049
633 332.950
634 317.096
635 114.870
636 166.485
637 245.013
638 238.304
639 -19.5149
640 390.253
641 257.110
642 -458.421
643 7.96975
644 -365.997
645 -608.288
646 -297.703
647 -472.933
648 -586.384
649 -349.977
650 -446.224
651 -128.084
652 -109.355
653 -34.4462
654 -255.089
655 -212.941
656 -205.231
657 -533.358
658 -43.8225
659 -14.5531
660 -138.953
661 -7.05556
662 -325.883
663 -61.7182
664 49.3771
665 -546.444
666 -178.902
667 21.8029
668 346.476
669 535.310
670 616.656
671 1148.29
672 432.133
673 524.050
674 680.998
675 472.647
676 782.481
677 502.627
678 824.394
679 822.996
680 641.738
681 495.646
682 59.1920
683 425.877
684 401.927
685 672.206
686 566.292
687 510.564
688 396.434
689 -270.420
690 675.370
691 465.313
692 826.471
693 954.429
694 440.164
695 -65.9689
696 -236.515
697 -46.1318
698 181.763
699 98.9456
700 -232.706
701 106.678
702 -362.167
703 -154.058
704 821.919
705 146.403
706 131.637
707 228.074
708 -114.146
709 116.033
710 239.370
711 272.145
712 89.2990
713 59.6594
714 -31.1517
715 -36.2390
716 -87.9776
717 71.8511
718 -442.956
719 -50.0615
720 235.846
721 463.606
722 183.222
723 -417.930
724 52.3383
725 83.7092
726 428.159
727 286.094
728 205.324
729 302.345
730 -111.493
731 -160.854
732 249.300
733 228.745
734 352.331
735 201.711
736 310.791
737 293.133
738 228.285
739 -110.292
740 433.817
741 51.5144
742 -520.693
743 229.651
744 -7.93175
745 -26.0931
746 -171.442
747 108.365
748 -71.5619
749 6.74349
750 -108.852
751 187.562
752 -147.617
753 370.890
754 257.873
755 -90.2119
756 -259.221
757 -23.1741
758 461.785
759 -108.386
760 319.046
761 -204.046
762 262.645
763 198.245
764 -226.066
765 66.6094
766 76.1897
767 43.2922
768 -62.2237
769 -72.4877
770 850.819
771 654.450
772 811.930
773 1067.58
774 822.520
775 621.652
776 31.5130
777 605.444
778 498.817
779 230.790
780 -246.183
781 95.4399
782 555.695
783 154.544
784 154.544
785 81.0403
786 160.955
787 -43.1466
788 179.781
789 -138.754
790 316.914
791 103.160
792 337.001
793 -47.4696
794 654.859
795 246.656
796 -758.270
797 -459.238
798 -554.169
799 -853.201
800 -220.890
801 -372.940
802 -325.474
803 -681.465
804 -553.148
805 662.385
806 738.329
807 676.784
808 676.784
809 -428.462
810 -276.732
811 -333.531
812 -466.594
813 500.296
814 96.6797
815 247.560
816 -98.3572
817 -145.823
818 138.970
819 300.193
820 110.331
821 -397.180
822 120.463
823 2.93954
824 63.9757
825 172.548
826 385.983
827 931.996
828 813.172
829 213.070
830 -130.721
831 -187.208
832 -290.610
833 250.570
834 -36.7753
835 -33.5784
836 172.073
837 -264.450
838 195.805
839 -33.5784
840 -268.480
841 -358.825
842 -154.563
843 -292.213
844 -104.242
845 -279.865
846 -317.837
847 -351.063
848 248.025
849 371.276
850 941.021
851 181.574
852 -183.030
853 293.692
854 250.973
855 -52.6458
856 -5.34032
857 -356.425
858 401.310
859 372.991
860 519.974
861 482.162
862 462.592
863 173.052
864 628.721
865 614.481
866 346.804
867 531.759
868 114.223
869 327.818
870 477.018
871 434.299
872 353.608
873 92.5480
874 24.3730
875 309.087
876 220.248
877 113.055
878 239.936
879 -25.8701
880 111.780
881 -134.881
882 -86.4889
883 -58.0096
884 297.821
885 -319.230
886 -20.0920
887 481.405
888 291.383
889 452.926
890 770.784
891 503.020
892 802.212
893 830.532
894 441.475
895 127.722
896 -0.435145
897 -185.550
898 32.9507
899 -209.123
900 -170.122
901 -193.946
902 -250.904
903 -469.245
904 -322.101
905 181.192
906 -222.264
907 -658.946
908 351.159
909 389.291
910 778.508
911 450.996
912 32.0867
913 -252.706
914 22.4336
915 136.511
916 -459.156
917 -184.246
918 -834.523
919 -568.876
920 -611.623
921 -386.928
922 -174.941
923 -293.604
924 -592.252
925 -1062.32
926 -710.915
927 -283.726
928 84.0868
929 -172.067
930 -219.532
931 -1.19105
932 -474.202
933 166.582
934 -507.427
935 -213.141
936 -222.272
937 -251.147
938 -251.147
939 -250.592
940 -122.595
941 -387.633
942 -881.434
943 -593.323
944 -435.098
945 -800.742
946 -636.077
947 -759.487
948 -934.949
949 -607.437
950 -650.318
951 -478.489
952 -478.489
953 -541.060
954 -588.526
955 -43.1963
956 -285.904
957 -472.759
958 -99.3631
959 -127.533
960 76.5682
961 -132.440
962 -231.957
963 507.040
964 436.871
965 660.908
966 474.210
967 -122.121
968 -79.5621
969 -46.1763
970 -183.986
971 339.198
972 528.188
973 54.2448
974 562.285
975 842.332
976 -398.105
977 -464.557
978 -473.890
979 -749.349
980 174.057
981 504.241
982 100.784
983 39.2393
984 174.057
985 1165.66
986 852.384
987 733.720
988 676.601
989 795.425
990 325.771
991 5.51591
992 -229.690
993 -747.492
994 -178.059
995 358.301
996 391.527
997 -54.4886
998 -416.765
999 -302.847
1000 15.1712
1001 -193.677
1002 -208.851
1003 -123.413
1004 23.7302
1005 -232.423
1006 -87.7681
1007 -22.2224
1008 -22.2224
1009 -315.602
1010 -584.902
1011 -371.468
1012 -841.216
1013 -414.187
1014 414.704
1015 -97.9232
1016 84.9386
1017 -140.482
1018 236.275
1019 -399.923
1020 74.8919
1021 184.062
1022 -324.399
1023 -599.699
1024 -445.547
1025 -121.960
1026 -121.960
1027 -46.0152
1028 -164.839
1029 -503.912
1030 -314.211
1031 -423.381
1032 -356.929
1033 -413.888
1034 -378.839
1035 -408.018
1036 -355.806
1037 -374.632
1038 -678.694
1039 -531.551
1040 -493.578
1041 -507.818
1042 -6.92097
1043 254.299
1044 334.990
1045 225.660
1046 -374.910
1047 -332.191
1048 -394.056
1049 212.736
1050 293.587
1051 37.1134
1052 125.064
1053 -60.0515
1054 253.061
1055 -24.1464
1056 199.891
1057 41.1979
1058 -10.3014
1059 -351.535
1060 -773.817
1061 -52.5022
1062 -470.198
1063 -189.992
1064 -247.720
1065 72.2172
1066 -32.2590
1067 -167.696
1068 199.616
1069 -66.0301
1070 180.790
1071 446.437
1072 68.1604
1073 694.705
1074 148.692
1075 295.835
1076 -317.408
1077 81.4619
1078 128.927
1079 -402.846
1080 -49.6144
1081 -258.462
1082 -525.019
1083 30.3271
1084 -93.0831
1085 -21.8850
1086 -95.6113
1087 -238.008
1088 113.237
1089 146.303
1090 -462.366
1091 -172.827
1092 116.552
1093 -175.402
1094 160.414
1095 160.414
1096 60.5512
1097 259.906
1098 -72.5121
1099 212.617
1100 97.8089
1101 -637.015
1102 298.215
1103 97.8089
1104 599.543
1105 1221.50
1106 879.589
1107 817.884
1108 -78.4333
1109 -273.042
1110 -306.267
1111 -311.014
1112 -64.8426
1113 -259.451
1114 -131.294
1115 -287.770
1116 -264.198
1117 160.907
1118 -33.8611
1119 222.612
1120 -5.22183
1121 -975.136
1122 -419.790
1123 -277.394
1124 -372.165
1125 304.480
1126 266.822
1127 157.247
1128 -53.2743
1129 119.384
1130 15.1204
1131 114.638
1132 -103.703
1133 174.902
1134 -52.9317
1135 231.861
1136 454.582
1137 -248.067
1138 373.890
1139 293.039
1140 1049.84
1141 309.221
1142 351.940
1143 162.238
1144 -103.099
1145 -149.082
1146 7.39371
1147 -334.358
1148 -271.702
1149 264.818
1150 188.873
1151 388.228
1152 289.290
1153 -199.604
1154 -384.535
1155 -887.669
1156 -612.530
1157 -588.637
1158 -372.193
1159 -205.904
1160 -528.669
1161 -367.286
1162 -403.750
1163 -389.548
1164 -926.505
1165 -408.575
1166 -39.8467
1167 168.810
1168 491.575
1169 358.671
1170 833.166
1171 688.970
1172 1026.31
1173 494.862
1174 898.158
1175 864.932
1176 335.726
1177 354.712
1178 226.555
1179 264.528
1180 -395.609
1181 -494.462
1182 -42.7204
1183 -499.169
1184 -227.537
1185 -645.393
1186 -436.545
1187 -388.919
1188 -778.876
1189 -565.121
1190 -532.056
1191 -807.355
1192 -354.569
1193 88.9175
1194 108.064
1195 -81.9581
1196 165.022
1197 653.601
1198 662.934
1199 515.791
1200 473.072
1201 675.742
1202 827.632
1203 457.241
1204 595.051
1205 -420.981
1206 -821.100
1207 440.295
1208 -242.262
1209 238.989
1210 220.163
1211 557.008
1212 -112.255
1213 284.897
1214 -289.435
1215 -284.688
1216 -86.5301
1217 69.9460
1218 -247.913
1219 -119.756
1220 733.662
1221 372.764
1222 1008.96
1223 752.648
1224 283.574
1225 373.758
1226 582.606
1227 65.2324
1228 -601.999
1229 409.175
1230 333.230
1231 421.090
1232 777.081
1233 -661.494
1234 -322.569
1235 -91.9119
1236 195.233
1237 -572.078
1238 -462.907
1239 -477.307
1240 -456.520
1241 -515.119
1242 391.167
1243 457.459
1244 319.809
1245 357.781
1246 -318.590
1247 -18.8737
1248 208.437
1249 61.2941
1250 519.529
1251 334.414
1252 585.981
1253 576.328
1254 51.8323
1255 -60.1865
1256 65.6773
1257 317.720
1258 525.564
1259 458.289
1260 150.587
1261 553.883
1262 -357.572
1263 116.923
1264 -167.710
1265 235.587
1266 276.094
1267 -454.714
1268 -179.415
1269 -3.95233
1270 590.744
1271 320.191
1272 666.849
1273 913.509
1274 1200.87
1275 1015.92
1276 1162.90
1277 985.104
1278 1210.37
1279 -5.19564
1280 -346.947
1281 279.437
1282 56.3494
1283 -21.4767
1284 -548.343
1285 78.2007
1286 -68.0077
1287 272.809
1288 -174.724
1289 -350.346
1290 534.211
1291 524.718
1292 510.318
1293 11.9305
1294 307.348
1295 748.616
1296 786.749
1297 575.983
1298 354.777
1299 421.229
1300 373.603
1301 824.525
1302 -318.116
1303 -659.707
1304 -460.352
1305 -411.169
1306 -78.5049
1307 -386.870
1308 -714.542
1309 -704.889
1310 117.695
1311 43.3102
1312 -380.692
1313 43.3102
1314 8.36430
1315 -315.820
1316 -358.699
1317 272.591
1318 -149.433
1319 -669.789
1320 -669.789
1321 -869.393
1322 -688.864
1323 -665.131
1324 777.755
1325 849.113
1326 109.474
1327 -104.280
1328 14.5433
1329 109.474
1330 558.935
1331 -494.958
1332 293.129
1333 -153.047
1334 313.767
1335 256.968
1336 91.5758
1337 -203.447
1338 786.421
1339 468.242
1340 539.441
1341 748.449
1342 -445.102
1343 -696.509
1344 -587.498
1345 -3.51296
1346 -191.326
1347 -124.874
1348 -229.298
1349 -115.381
1350 -605.196
1351 -833.030
1352 -1250.57
1353 -727.064
1354 -727.064
1355 -397.701
1356 -971.873
1357 -938.647
1358 -578.069
1359 -864.150
1360 -235.159
1361 -213.873
1362 -304.057
1363 111.770
1364 -633.438
1365 -353.392
1366 -310.673
1367 83.6809
1368 40.9619
1369 114.395
1370 463.565
1371 -1113.51
1372 -515.441
1373 -97.7454
1374 -885.672
1375 -60.7820
1376 24.6558
1377 -98.9144
1378 41.6271
1379 -252.659
1380 -1.09181
1381 22.4809
1382 297.941
1383 -124.662
1384 -276.525
1385 -214.980
1386 -233.806
1387 -252.792
1388 -217.308
1389 -209.242
1390 -209.242
1391 -114.151
1392 -818.893
1393 -723.802
1394 -690.736
1395 -334.585
1396 29.0459
1397 -84.8712
1398 47.8721
1399 -184.709
1400 -89.2936
1401 430.149
1402 651.550
1403 416.027
1404 811.598
1405 -502.572
1406 -545.131
1407 -198.633
1408 -274.578
1409 -175.774
1410 -307.199
1411 -617.203
1412 -512.779
1413 -158.148
1414 221.575
1415 164.457
1416 33.2407
1417 -319.920
1418 -704.390
1419 -395.865
1420 -277.361
1421 -15.7461
1422 36.6259
1423 -20.4926
1424 117.157
1425 -145.551
1426 -3.31469
1427 -297.601
1428 329.104
1429 -15.2866
1430 -190.909
1431 -637.084
1432 -119.470
1433 93.8839
1434 430.566
1435 358.776
1436 188.492
1437 430.406
1438 358.776
1439 390.180
1440 689.372
1441 489.857
1442 670.226
1443 -1050.98
1444 -196.763
1445 -320.173
1446 -225.083
1447 -268.129
1448 102.262
1449 -6.90875
1450 69.0360
1451 159.220
1452 -136.763
1453 -298.305
1454 34.1129
1455 242.961
1456 197.793
1457 -116.546
1458 297.696
1459 -647.965
1460 -476.892
1461 -596.185
1462 -520.868
1463 105.390
1464 -65.4853
1465 -89.2181
1466 404.583
1467 -37.9846
1468 23.7205
1469 -56.9708
1470 574.320
1471 804.610
1472 695.439
1473 519.631
1474 529.310
1475 -559.078
1476 38.9866
1477 153.064
1478 -482.973
1479 201.378
1480 334.281
1481 54.3949
1482 158.659
1483 -367.892
1484 -643.031
1485 -73.6057
1486 -291.787
1487 -297.568
1488 -397.405
1489 -321.460
1490 -326.047
1491 -51.0866
1492 357.116
1493 181.654
1494 176.748
1495 -85.1888
1496 -322.356
1497 -184.866
1498 -374.728
1499 44.6604
1500 -150.108
1501 -149.948
1502 -31.4444
1503 175.632
1504 -156.786
1505 80.7010
1506 56.8082
1507 63.2429
1508 111.071
1509 75.8776
1510 39.8731
1511 272.454
1512 54.1127
1513 -141.922
1514 -512.152
1515 -46.9910
1516 -469.434
1517 -396.503
1518 -83.3906
1519 59.1658
1520 73.0791
1521 552.480
1522 346.893
1523 476.376
1524 426.648
1525 360.196
1526 324.516
1527 412.568
1528 -159.688
1529 -558.695
1530 21.8281
1531 -372.135
1532 -39.7871
1533 -6.46181
1534 -179.006
1535 -60.3421
1536 -126.954
1537 414.313
1538 1043.77
1539 246.346
1540 288.200
1541 127.523
1542 -190.336
1543 -8.16354
1544 547.022
1545 24.9023
1546 615.776
1547 226.559
1548 297.758
1549 473.380
1550 566.827
1551 740.997
1552 510.621
1553 510.621
1554 -291.653
1555 -196.722
1556 -87.3912
1557 -490.848
1558 -49.1205
1559 145.328
1560 -352.899
1561 -528.682
1562 -420.362
1563 -21.6519
1564 -121.169
1565 -728.887
1566 446.300
1567 436.885
1568 512.202
1569 486.554
1570 182.775
1571 130.723
1572 748.281
1573 591.805
1574 567.912
1575 240.561
1576 -75.3297
1577 280.821
1578 195.383
1579 1.45417
1580 172.958
1581 163.305
1582 35.1485
1583 -482.065
1584 -86.3571
1585 -247.580
1586 146.384
1587 -551.359
1588 -52.9713
1589 43.3881
1590 -289.030
1591 -75.4355
1592 -156.127
1593 231.581
1594 397.710
1595 151.049
1596 582.825
1597 -206.543
1598 -254.008
1599 -367.765
1600 -49.9069
1601 -71.6078
1602 -57.3681
1603 -209.418
1604 -522.690
1605 422.925
1606 715.834
1607 421.548
1608 -127.115
1609 -51.0099
1610 -734.673
1611 -279.322
1612 -43.8177
1613 -299.706
1614 -299.706
1615 -446.977
1616 -366.286
1617 -317.692
1618 -61.5388
1619 284.959
1620 -37.6460
1621 -94.6046
1622 76.2711
1623 9.01470
1624 436.204
1625 -38.6108
1626 274.661
1627 -219.284
1628 -299.670
1629 -518.316
1630 203.095
1631 -171.882
1632 3.58030
1633 65.4454
1634 -99.8883
1635 -142.767
1636 23.5219
1637 23.3619
1638 107.711
1639 55.4990
1640 216.722
1641 499.229
1642 729.886
1643 644.996
1644 -113.158
1645 -106.997
1646 43.3183
1647 -524.224
1648 -491.158
1649 -851.896
1650 -446.746
1651 -1058.59
1652 -1125.04
1653 -835.504
1654 -360.849
1655 109.373
1656 -99.0227
1657 -161.181
1658 -42.5169
1659 -622.147
1660 -356.340
1661 578.492
1662 602.224
1663 298.445
1664 -223.675
1665 150.847
1666 -138.692
1667 -352.287
1668 -233.783
1669 673.877
1670 564.707
1671 725.929
1672 583.693
1673 -74.3886
1674 -41.0028
1675 -102.708
1676 -7.77693
1677 -779.113
1678 -873.884
1679 -465.681
1680 115.562
1681 391.022
1682 -117.283
1683 175.577
1684 97.1493
