1 14.1445
2 100.728
3 -283.737
4 -153.599
5 -368.859
6 -117.954
7 -100.639
8 -148.793
9 -14.9822
10 -215.997
11 -256.066
12 -100.639
13 -35.2762
14 -143.025
15 -74.1736
16 -224.698
17 -19.5127
18 -256.066
19 -35.2762
20 -143.025
21 -74.1736
22 77.8351
23 -38.9648
24 128.496
25 -14.9822
26 -19.5127
27 -278.175
28 63.5627
29 116.909
30 100.728
31 -38.9648
32 90.3824
33 -74.3780
34 -278.175
35 -195.203
36 63.5627
37 116.909
38 494.012
39 298.157
40 201.571
41 331.467
42 141.268
43 -195.203
44 -1.56300
45 330.630
46 494.012
47 298.157
48 -33.0718
49 472.735
50 -33.0718
51 330.630
52 201.571
53 99.3287
54 360.590
55 360.590
56 891.532
57 40.5772
58 40.5772
59 -371.969
60 -261.589
61 -603.290
62 -228.403
63 -50.7129
64 5.76615
65 -113.898
66 -315.176
67 50.7624
68 -476.170
69 -423.998
70 -144.255
71 -235.908
72 -54.0262
73 -103.939
74 -244.589
75 -12.7186
76 -311.412
77 -83.4501
78 -22.3785
79 -305.525
80 -122.913
81 -120.476
82 -354.846
83 -141.722
84 -260.158
85 37.6375
86 -420.022
87 108.836
88 -311.412
89 -648.983
90 85.7515
91 -400.715
92 -440.207
93 -265.954
94 -324.982
95 94.4726
96 -15.4011
97 -337.075
98 -413.722
99 123.236
100 -343.260
101 -115.144
102 73.3485
103 274.027
104 -462.275
105 -348.508
106 -314.266
107 -229.028
108 -314.972
109 174.437
110 127.748
111 73.3742
112 -180.541
113 -405.067
114 -24.7158
115 -131.689
116 -11.9797
117 200.650
118 61.3948
119 112.709
120 80.1468
121 -41.1326
122 -75.7617
123 -419.729
124 -131.689
125 -203.613
126 145.075
127 -296.174
128 -259.319
129 133.493
130 217.234
131 -140.667
132 251.052
133 -75.9886
134 -23.2268
135 49.8404
136 201.002
137 5.96606
138 90.2366
139 210.326
140 544.945
141 566.688
142 527.627
143 443.455
144 49.8404
145 431.522
146 550.524
147 340.475
148 536.100
149 358.370
150 811.915
151 670.120
152 352.216
153 275.280
154 329.433
155 235.717
156 -107.384
157 33.9758
158 -42.4673
159 317.164
160 -654.654
161 56.7696
162 -25.8684
163 199.789
164 155.957
165 -156.397
166 196.600
167 68.3663
168 -201.271
169 -65.6391
170 -755.823
171 -600.761
172 -75.4760
173 -421.636
174 -453.972
175 -444.552
176 -297.099
177 -637.137
178 -228.624
179 -16.8249
180 31.1651
181 -45.7139
182 -667.900
183 -416.943
184 -137.397
185 167.567
186 11.1699
187 -118.961
188 190.323
189 -100.110
190 -99.5173
191 -57.1143
192 -143.770
193 120.646
194 -180.039
195 -94.6019
196 -19.7990
197 -465.224
198 -130.578
199 -805.775
200 -194.100
201 -419.000
202 -280.557
203 -271.024
204 -332.224
205 -293.288
206 26.6856
207 -482.292
208 -606.949
209 -855.959
210 -61.8718
211 -464.789
212 -368.789
213 88.6182
214 -226.193
215 -39.3146
216 -39.1949
217 77.8738
218 -404.972
219 -474.449
220 -454.572
221 -369.135
222 -415.360
223 -200.256
224 -34.7621
225 -375.957
226 -786.108
227 -549.395
228 -439.718
229 -853.064
230 -515.365
231 -129.606
232 -400.961
233 290.682
234 185.856
235 187.686
236 285.368
237 146.619
238 217.652
239 419.229
240 119.263
241 228.777
242 -69.1124
243 -205.283
244 -115.136
245 -268.915
246 -389.630
247 -558.099
248 -181.684
249 -120.332
250 -11.3423
251 369.889
252 -4.91825
253 -88.7195
254 55.8701
255 -144.559
256 183.890
257 -47.6525
258 -180.077
259 90.5121
260 -498.106
261 -692.751
262 -403.689
263 -479.947
264 -295.490
265 -524.137
266 85.6807
267 -468.545
268 50.2634
269 -162.321
270 -330.295
271 -381.813
272 -57.4172
273 163.023
274 -79.5479
275 -69.8745
276 -486.624
277 -382.038
278 -761.437
279 -169.553
280 -143.545
281 -268.961
282 23.5796
283 -41.6065
284 178.314
285 55.8873
286 93.6339
287 934.943
288 130.264
289 -286.121
290 876.853
291 1203.66
292 1110.46
293 518.045
294 349.553
295 519.397
296 562.374
297 358.766
298 -184.863
299 645.064
300 384.667
301 848.666
302 708.266
303 777.106
304 359.825
305 866.207
306 271.323
307 631.595
308 517.637
309 568.746
310 678.911
311 538.725
312 517.481
313 66.0205
314 -814.440
315 -684.433
316 -737.499
317 -78.1322
318 -30.2369
319 60.4451
320 -899.066
321 -938.031
322 -1091.10
323 -535.944
324 -975.777
325 -915.697
326 -717.884
327 -379.684
328 -45.5649
329 329.339
330 629.716
331 279.658
332 381.735
333 135.188
334 -79.5559
335 -43.6204
336 -319.496
337 30.1382
338 -154.032
339 -374.200
340 -287.754
341 -583.365
342 -359.384
343 -343.611
344 -592.109
345 -110.772
346 -732.808
347 -443.171
348 121.437
349 428.871
350 -209.910
351 152.497
352 17.8066
353 198.945
354 -192.028
355 -358.645
356 -102.770
357 -417.358
358 -157.714
359 -369.650
360 -552.153
361 -660.834
362 -293.895
363 -907.393
364 -476.982
365 -394.179
366 -863.911
367 -659.888
368 -1160.91
369 119.065
370 -216.477
371 190.992
372 115.820
373 80.5236
374 -85.6724
375 -23.0094
376 -268.655
377 -537.942
378 -368.515
379 -101.424
380 -575.280
381 48.4141
382 171.770
383 166.065
384 -41.2635
385 20.9185
386 426.727
387 0.164822
388 -363.122
389 -429.712
390 -249.391
391 334.313
392 -330.436
393 -557.888
394 -617.538
395 -509.331
396 -660.670
397 -663.174
398 -659.124
399 -416.516
400 -417.064
401 -576.423
402 -242.730
403 -308.462
404 -402.289
405 -162.672
406 -540.025
407 -636.082
408 -264.833
409 -626.919
410 -530.421
411 -541.967
412 -801.877
413 -267.637
414 -645.117
415 243.551
416 548.855
417 229.749
418 -3.24761
419 -622.054
420 231.426
421 186.798
422 233.750
423 20.7246
424 429.060
425 568.401
426 211.261
427 -146.184
428 -27.9341
429 29.9316
430 -92.4809
431 153.724
432 -532.649
433 -71.9291
434 -979.052
435 -372.077
436 -355.091
437 -155.346
438 38.8922
439 48.0972
440 -539.067
441 -137.484
442 -317.459
443 -44.6005
444 -155.825
445 -523.089
446 -148.481
447 -292.598
448 -428.759
449 -354.832
450 -371.358
451 -930.719
452 -375.321
453 -219.418
454 -227.925
455 -189.616
456 0.265262
457 -629.083
458 -769.293
459 -877.831
460 -594.391
461 -1085.27
462 -835.712
463 -951.449
464 -861.812
465 511.121
466 680.050
467 103.957
468 168.981
469 477.660
470 336.888
471 306.997
472 617.928
473 46.0843
474 -169.099
475 136.986
476 -5.68403
477 674.087
478 610.439
479 484.792
480 733.754
481 348.574
482 303.814
483 648.804
484 650.562
485 148.227
486 910.371
487 812.292
488 588.449
489 753.632
490 863.515
491 455.891
492 709.270
493 611.828
494 521.534
495 460.708
496 666.609
497 248.557
498 465.877
499 -835.578
500 -690.226
501 -474.866
502 -837.360
503 -441.493
504 -1109.00
505 -759.749
506 -456.602
507 -457.341
508 -798.775
509 -503.054
510 -701.759
511 286.855
512 496.386
513 485.491
514 374.947
515 430.486
516 174.073
517 266.925
518 306.406
519 381.505
520 -17.3027
521 562.551
522 290.961
523 -585.616
524 27.5048
525 -602.897
526 -896.430
527 -527.183
528 -732.467
529 -967.685
530 -655.216
531 -780.048
532 -230.827
533 -139.935
534 -92.6076
535 -486.791
536 -168.467
537 -154.967
538 -733.556
539 54.5331
540 128.943
541 32.3571
542 59.1788
543 -403.779
544 131.328
545 111.308
546 -906.637
547 -362.787
548 18.8813
549 485.512
550 746.761
551 864.607
552 1660.51
553 688.129
554 754.006
555 938.616
556 790.204
557 1120.20
558 803.993
559 1188.91
560 1146.47
561 857.009
562 781.178
563 76.8603
564 674.640
565 707.272
566 953.080
567 763.881
568 722.210
569 491.174
570 -384.310
571 787.160
572 642.575
573 1043.21
574 1208.14
575 497.512
576 -3.28565
577 -267.983
578 53.5563
579 414.234
580 235.754
581 -194.761
582 236.805
583 -400.858
584 -132.220
585 1267.08
586 168.929
587 189.860
588 245.533
589 -150.159
590 158.028
591 333.451
592 329.772
593 -9.94598
594 36.5185
595 -70.0355
596 -114.085
597 -90.7182
598 85.0181
599 -488.004
600 -98.2332
601 234.578
602 585.147
603 156.435
604 -640.711
605 51.2003
606 53.1966
607 587.558
608 385.941
609 267.341
610 339.046
611 -192.837
612 -293.252
613 268.713
614 206.040
615 445.083
616 142.359
617 324.415
618 379.116
619 332.516
620 -167.450
621 641.129
622 -54.0564
623 -807.318
624 282.960
625 -14.1289
626 24.3641
627 -262.670
628 240.242
629 -198.469
630 -30.0132
631 -160.538
632 230.288
633 -288.939
634 417.035
635 356.322
636 -159.158
637 -423.208
638 -131.389
639 736.234
640 -138.576
641 369.165
642 -325.786
643 476.814
644 359.014
645 -349.162
646 81.8273
647 179.848
648 210.210
649 -87.9706
650 -63.1605
651 1202.38
652 1002.65
653 1112.74
654 1459.07
655 1209.16
656 787.252
657 -45.2649
658 1025.93
659 948.247
660 320.609
661 -373.986
662 88.2426
663 678.375
664 3.97449
665 116.177
666 -30.4318
667 51.4568
668 -261.108
669 427.954
670 118.886
671 366.566
672 -171.000
673 898.055
674 326.281
675 -1062.51
676 -700.870
677 -788.836
678 -1174.91
679 -338.775
680 -686.939
681 -525.669
682 -941.061
683 -807.923
684 742.838
685 1021.39
686 778.236
687 817.332
688 -586.856
689 -338.810
690 -479.342
691 -695.559
692 577.312
693 28.7829
694 -23.5631
695 49.7414
696 206.124
697 419.961
698 151.178
699 206.206
700 76.5009
701 298.311
702 69.5810
703 601.070
704 1354.85
705 1123.98
706 287.333
707 -24.0949
708 -164.676
709 -367.096
710 300.696
711 88.7017
712 357.485
713 -310.839
714 411.241
715 -373.107
716 -525.793
717 -241.159
718 -250.933
719 -97.3003
720 -429.614
721 -493.144
722 -595.770
723 652.944
724 470.937
725 1288.25
726 257.100
727 -157.710
728 475.226
729 450.791
730 -75.8113
731 -120.984
732 -520.525
733 619.070
734 781.529
735 878.079
736 781.529
737 689.772
738 137.545
739 1056.29
740 782.624
741 494.321
742 747.253
743 469.886
744 450.339
745 571.892
746 518.135
747 435.057
748 44.1000
749 117.570
750 550.259
751 472.166
752 333.915
753 460.248
754 -126.187
755 152.369
756 -168.980
757 -248.944
758 68.7085
759 526.893
760 -313.664
761 889.967
762 404.968
763 552.767
764 986.516
765 659.059
766 1153.83
767 1010.92
768 645.588
769 187.456
770 -86.2139
771 -369.658
772 12.7152
773 -402.677
774 -272.030
775 -384.430
776 -736.292
777 -297.400
778 299.999
779 -139.828
780 -916.855
781 504.118
782 529.743
783 959.796
784 715.448
785 192.446
786 -271.815
787 59.3084
788 314.620
789 -360.269
790 -1205.71
791 -811.060
792 -878.609
793 -385.026
794 -385.026
795 -599.157
796 -1333.39
797 -892.375
798 -467.209
799 -10.5390
800 -327.002
801 -390.532
802 103.051
803 -668.530
804 74.2885
805 -771.156
806 -419.295
807 -340.024
808 -377.930
809 -237.398
810 -496.903
811 -1333.76
812 -648.399
813 -1250.68
814 -776.144
815 -873.883
816 -1307.63
817 -833.598
818 -660.311
819 -738.502
820 -192.146
821 -470.991
822 -577.930
823 -145.240
824 -182.717
825 66.5176
826 -306.081
827 -436.840
828 767.727
829 612.711
830 776.172
831 588.673
832 -147.112
833 -74.9975
834 9.27062
835 -172.737
836 793.357
837 191.071
838 964.401
839 1257.62
840 -466.432
841 -520.189
842 -636.286
843 -945.354
844 532.343
845 68.0817
846 -8.91994
847 1468.54
848 1067.81
849 950.526
850 978.658
851 1160.67
852 232.007
853 2.98880
854 -315.774
855 -1042.92
856 -389.378
857 372.988
858 495.162
859 -75.4224
860 -750.973
861 -394.225
862 -91.2329
863 -374.677
864 -299.480
865 -16.0364
866 96.3637
867 -68.6032
868 0.308669
869 -322.231
870 -873.197
871 -615.378
872 -1132.21
873 -556.734
874 570.535
875 -167.396
876 -161.319
877 276.800
878 -496.530
879 139.965
880 179.061
881 -502.006
882 -804.998
883 -241.653
884 -178.122
885 46.6782
886 -316.147
887 -568.601
888 -403.634
889 -467.164
890 -545.356
891 -667.530
892 -855.567
893 -674.749
894 -484.158
895 -575.820
896 -919.831
897 -782.997
898 -719.466
899 -528.874
900 -88.6432
901 288.843
902 425.678
903 277.879
904 -490.778
905 -437.021
906 -511.516
907 248.953
908 318.560
909 4.60474
910 92.0104
911 77.3495
912 310.734
913 -113.497
914 319.193
915 150.924
916 -37.7452
917 -479.957
918 -1148.28
919 -230.721
920 -743.852
921 -346.819
922 -237.556
923 168.464
924 -305.422
925 171.611
926 -218.157
927 172.800
928 616.324
929 158.537
930 911.130
931 250.200
932 416.357
933 -373.017
934 307.460
935 111.982
936 -548.948
937 -126.501
938 -253.562
939 -679.120
940 78.3591
941 -141.554
942 -19.3802
943 -286.148
944 -496.287
945 -17.3650
946 167.150
947 -656.018
948 -274.834
949 119.820
950 85.8531
951 266.671
952 -179.233
953 286.503
954 -930.351
955 639.554
956 750.954
957 1714.88
958 1068.61
959 -136.455
960 -283.063
961 -283.063
962 -341.707
963 -139.373
964 -403.269
965 -207.790
966 -436.288
967 -496.121
968 43.1760
969 -99.7357
970 170.237
971 -93.6590
972 -1346.75
973 -701.670
974 -442.661
975 -505.002
976 405.855
977 580.369
978 13.1975
979 162.106
980 -12.6347
981 137.671
982 -204.416
983 271.140
984 -31.8514
985 373.766
986 729.282
987 -347.040
988 592.447
989 473.970
990 1441.39
991 492.130
992 545.887
993 92.5889
994 -139.243
995 79.4803
996 -418.990
997 -481.298
998 277.371
999 33.0224
1000 399.545
1001 557.786
1002 -199.693
1003 -521.553
1004 -1161.75
1005 -869.717
1006 -888.075
1007 -397.894
1008 -196.339
1009 -606.844
1010 -484.670
1011 -532.922
1012 -1302.15
1013 -471.593
1014 -106.210
1015 273.398
1016 732.772
1017 449.328
1018 1474.40
1019 1443.20
1020 696.681
1021 1242.83
1022 1174.41
1023 500.770
1024 500.770
1025 334.613
1026 427.465
1027 -726.725
1028 -881.849
1029 -170.429
1030 -557.058
1031 -405.006
1032 -860.683
1033 -714.074
1034 -566.276
1035 -1028.39
1036 -782.849
1037 -808.474
1038 -1160.34
1039 -491.366
1040 154.183
1041 106.503
1042 -197.679
1043 82.0679
1044 851.582
1045 1006.78
1046 640.253
1047 733.106
1048 946.813
1049 1078.76
1050 588.875
1051 897.943
1052 -685.181
1053 -1252.35
1054 598.258
1055 -380.961
1056 295.605
1057 296.795
1058 735.432
1059 -183.317
1060 390.989
1061 -557.081
1062 -478.890
1063 199.402
1064 159.116
1065 -225.764
1066 -88.9291
1067 812.101
1068 395.519
1069 1266.59
1070 895.179
1071 375.940
1072 522.548
1073 713.140
1074 463.905
1075 -988.576
1076 434.720
1077 258.789
1078 610.336
1079 1328.72
1080 -846.708
1081 -521.918
1082 -274.689
1083 156.749
1084 -838.495
1085 -589.260
1086 -561.128
1087 -721.208
1088 480.711
1089 733.643
1090 587.034
1091 533.278
1092 -572.879
1093 249.321
1094 63.6162
1095 682.868
1096 511.824
1097 814.816
1098 803.852
1099 41.8008
1100 -174.544
1101 261.783
1102 377.167
1103 926.432
1104 173.839
1105 700.442
1106 -634.768
1107 -39.7479
1108 -449.063
1109 233.922
1110 443.708
1111 -654.669
1112 -175.747
1113 -25.4408
1114 703.296
1115 297.678
1116 821.772
1117 1182.22
1118 1900.04
1119 1559.15
1120 1655.69
1121 1763.21
1122 142.081
1123 -371.050
1124 473.205
1125 321.709
1126 -112.029
1127 -810.865
1128 146.980
1129 362.006
1130 -337.052
1131 -361.487
1132 777.854
1133 1027.09
1134 874.403
1135 151.133
1136 518.926
1137 1021.09
1138 978.301
1139 424.724
1140 649.524
1141 579.917
1142 1083.27
1143 -564.845
1144 -905.742
1145 -827.551
1146 -142.996
1147 -601.181
1148 -910.249
1149 -1060.56
1150 24.5006
1151 -747.639
1152 -59.7675
1153 -326.404
1154 -508.411
1155 283.277
1156 -1266.15
1157 -981.519
1158 -971.745
1159 917.079
1160 981.799
1161 99.3994
1162 -263.426
1163 138.495
1164 167.817
1165 835.481
1166 -617.137
1167 640.002
1168 -166.346
1169 423.950
1170 381.157
1171 -434.966
1172 1264.53
1173 877.270
1174 711.113
1175 1103.26
1176 -528.541
1177 -1030.71
1178 -724.020
1179 -107.072
1180 -28.3242
1181 -223.803
1182 -238.464
1183 88.9629
1184 -755.713
1185 -1112.46
1186 -1736.80
1187 -701.957
1188 -587.201
1189 -1494.99
1190 -1407.02
1191 -953.723
1192 -1041.29
1193 -225.172
1194 -352.233
1195 54.8239
1196 -819.942
1197 -560.933
1198 -448.533
1199 117.356
1200 0.690684E-01
1201 597.468
1202 -1633.05
1203 -777.827
1204 -191.392
1205 -1354.49
1206 -278.930
1207 -156.756
1208 -236.137
1209 132.114
1210 -229.521
1211 -43.8164
1212 121.151
1213 493.749
1214 -216.050
1215 -522.679
1216 -421.242
1217 -556.887
1218 -527.565
1219 -411.740
1220 -157.618
1221 -307.924
1222 -1055.32
1223 -1019.92
1224 -1089.53
1225 -472.581
1226 225.738
1227 5.82516
1228 136.583
1229 87.7137
1230 708.341
1231 966.445
1232 572.607
1233 1102.18
1234 -832.598
1235 -787.425
1236 -298.729
1237 -362.260
1238 -42.1414
1239 -799.621
1240 -731.203
1241 -163.132
1242 345.112
1243 255.957
1244 -553.740
1245 -1047.32
1246 -705.236
1247 -447.417
1248 34.6956
1249 40.7723
1250 -92.3654
1251 176.417
1252 -207.215
1253 231.421
1254 -384.336
1255 252.159
1256 87.7520
1257 -293.431
1258 -870.093
1259 -44.1959
1260 724.714
1261 309.323
1262 591.577
1263 524.218
1264 940.800
1265 646.392
1266 876.079
1267 -1568.46
1268 -323.476
1269 -489.633
1270 -351.608
1271 -552.423
1272 64.5242
1273 -140.728
1274 -77.1978
1275 44.9763
1276 -40.4266
1277 -276.191
1278 3.55603
1279 423.835
1280 -236.700
1281 204.433
1282 -781.990
1283 -762.600
1284 -646.257
1285 57.9006
1286 -74.0473
1287 -108.256
1288 611.317
1289 162.306
1290 157.419
1291 -189.556
1292 846.481
1293 1202.68
1294 1393.27
1295 640.677
1296 -849.401
1297 -62.5998
1298 109.634
1299 -642.959
1300 119.089
1301 270.585
1302 -31.2168
1303 226.602
1304 -545.014
1305 -807.720
1306 -124.735
1307 -382.555
1308 -251.359
1309 -506.671
1310 -394.271
1311 -251.359
1312 -109.482
1313 452.519
1314 96.9606
1315 100.658
1316 -45.7666
1317 -450.195
1318 -343.871
1319 -710.393
1320 289.729
1321 -34.0005
1322 -125.663
1323 -14.4527
1324 251.955
1325 -233.044
1326 168.877
1327 265.426
1328 270.660
1329 65.4072
1330 392.834
1331 -12.7842
1332 -144.190
1333 -725.738
1334 -90.4331
1335 -657.321
1336 -611.422
1337 -236.315
1338 297.553
1339 -25.1438
1340 712.787
1341 643.180
1342 482.011
1343 516.220
1344 512.522
1345 -666.168
1346 21.5601
1347 -491.571
1348 -203.450
1349 -81.2762
1350 -273.057
1351 549.142
1352 1426.42
1353 351.286
1354 286.566
1355 -142.297
1356 18.0577
1357 818.330
1358 134.155
1359 914.797
1360 572.710
1361 518.953
1362 704.658
1363 906.005
1364 1109.60
1365 -318.283
1366 -274.300
1367 -224.241
1368 -668.954
1369 -62.4190
1370 151.418
1371 -458.263
1372 -576.740
1373 -570.483
1374 -13.3690
1375 -105.031
1376 -1029.86
1377 749.553
1378 904.677
1379 1054.95
1380 540.279
1381 188.418
1382 33.2251
1383 998.407
1384 804.119
1385 773.607
1386 290.987
1387 -125.340
1388 281.467
1389 100.650
1390 195.575
1391 125.968
1392 -49.9631
1393 -620.548
1394 -13.5225
1395 -427.725
1396 129.389
1397 -838.229
1398 -90.5242
1399 116.639
1400 -280.395
1401 -114.238
1402 -158.221
1403 207.513
1404 383.444
1405 145.172
1406 681.548
1407 -327.713
1408 -474.321
1409 -561.097
1410 -259.295
1411 -96.5788
1412 -72.1440
1413 -273.699
1414 -747.735
1415 1051.29
1416 508.837
1417 3.44178
1418 175.675
1419 -1066.80
1420 -343.103
1421 -648.587
1422 -550.848
1423 -581.164
1424 -49.6750
1425 204.447
1426 -121.790
1427 -97.3548
1428 49.2540
1429 90.3611
1430 632.814
1431 -33.0028
1432 470.354
1433 -397.870
1434 -798.601
1435 111.696
1436 -205.957
1437 42.0885
1438 67.7131
1439 -158.173
1440 -193.572
1441 -16.4511
1442 1.90694
1443 140.497
1444 277.332
1445 359.220
1446 502.587
1447 783.748
1448 719.549
1449 -278.094
1450 -20.2752
1451 -723.826
1452 -666.372
1453 -1071.99
1454 -1395.28
1455 -1551.66
1456 -1106.95
1457 -427.660
1458 479.366
1459 57.8970
1460 -170.600
1461 -160.826
1462 -1017.64
1463 -548.489
1464 1161.24
1465 897.341
1466 628.558
1467 -270.643
1468 2.38873
1469 -349.473
1470 -593.821
1471 -433.741
1472 979.740
1473 715.844
1474 866.150
1475 627.878
1476 -138.884
1477 -88.8246
1478 -30.1811
1479 -98.5986
1480 -1164.06
1481 -1275.27
1482 -679.064
1483 242.250
1484 658.832
1485 -205.380
1486 556.670
1487 0.777985
